[292, 206.18181610107422, 293, 206.18181610107422, 'draw']
[292, 206.18181610107422, 292, 206.18181610107422, 'draw']
[292, 206.18181610107422, 292, 206.18181610107422, 'draw']
[292, 206.18181610107422, 292, 206.18181610107422, 'draw']
[292, 206.18181610107422, 292, 206.18181610107422, 'draw']
[292, 206.18181610107422, 292, 206.18181610107422, 'draw']
[292, 206.18181610107422, 292, 206.18181610107422, 'draw']
[311, 200.18181610107422, 292, 206.18181610107422, 'draw']
[453, 161.18181610107422, 400, 174.18181610107422, 'draw']
[400, 174.18181610107422, 311, 200.18181610107422, 'draw']
[543, 158.18181610107422, 453, 161.18181610107422, 'draw']
[598, 167.18181610107422, 543, 158.18181610107422, 'draw']
[675, 190.18181610107422, 598, 167.18181610107422, 'draw']
[739, 219.18181610107422, 675, 190.18181610107422, 'draw']
[758, 233.18181610107422, 739, 219.18181610107422, 'draw']
[771, 269.1818161010742, 758, 233.18181610107422, 'draw']
[753, 363.1818161010742, 769, 304.1818161010742, 'draw']
[769, 304.1818161010742, 771, 269.1818161010742, 'draw']
[722, 417.1818161010742, 753, 363.1818161010742, 'draw']
[696, 439.1818161010742, 722, 417.1818161010742, 'draw']
[634, 459.1818161010742, 696, 439.1818161010742, 'draw']
[549, 451.1818161010742, 602, 461.1818161010742, 'draw']
[602, 461.1818161010742, 634, 459.1818161010742, 'draw']
[541, 447.1818161010742, 549, 451.1818161010742, 'draw']
[541, 439.1818161010742, 540, 447.1818161010742, 'draw']
[540, 447.1818161010742, 541, 447.1818161010742, 'draw']
[551, 407.1818161010742, 541, 439.1818161010742, 'draw']
[584, 331.1818161010742, 551, 407.1818161010742, 'draw']
[628, 275.1818161010742, 584, 331.1818161010742, 'draw']
[674, 238.18181610107422, 628, 275.1818161010742, 'draw']
[762, 207.18181610107422, 674, 238.18181610107422, 'draw']
[809, 206.18181610107422, 762, 207.18181610107422, 'draw']
[868, 232.18181610107422, 809, 206.18181610107422, 'draw']
[908, 264.1818161010742, 894, 249.18181610107422, 'draw']
[894, 249.18181610107422, 868, 232.18181610107422, 'draw']
[899, 312.1818161010742, 909, 278.1818161010742, 'draw']
[909, 278.1818161010742, 908, 264.1818161010742, 'draw']
[868, 374.1818161010742, 899, 312.1818161010742, 'draw']
[855, 388.1818161010742, 868, 374.1818161010742, 'draw']
[843, 395.1818161010742, 855, 388.1818161010742, 'draw']
[840, 395.1818161010742, 843, 395.1818161010742, 'draw']
[839, 395.1818161010742, 840, 395.1818161010742, 'draw']
[878, 344.1818161010742, 845, 382.1818161010742, 'draw']
[845, 382.1818161010742, 839, 395.1818161010742, 'draw']
[954, 280.1818161010742, 878, 344.1818161010742, 'draw']
[1074, 232.18181610107422, 1013, 246.18181610107422, 'draw']
[1013, 246.18181610107422, 954, 280.1818161010742, 'draw']
[1202, 264.1818161010742, 1169, 244.18181610107422, 'draw']
[1237, 297.1818161010742, 1202, 264.1818161010742, 'draw']
[1169, 244.18181610107422, 1074, 232.18181610107422, 'draw']
[1256, 328.1818161010742, 1251, 318.1818161010742, 'draw']
[1251, 318.1818161010742, 1237, 297.1818161010742, 'draw']
[1258, 347.1818161010742, 1256, 328.1818161010742, 'draw']
[1232, 379.1818161010742, 1250, 358.1818161010742, 'draw']
[1250, 358.1818161010742, 1258, 347.1818161010742, 'draw']
[1222, 384.1818161010742, 1232, 379.1818161010742, 'draw']
[1210, 382.1818161010742, 1222, 384.1818161010742, 'draw']
[1176, 348.1818161010742, 1210, 382.1818161010742, 'draw']
[1154, 320.1818161010742, 1176, 348.1818161010742, 'draw']
[98, 231.18181610107422, 98, 231.18181610107422, 'draw']
[98, 231.18181610107422, 98, 231.18181610107422, 'draw']
[98, 231.18181610107422, 98, 231.18181610107422, 'draw']
[98, 231.18181610107422, 98, 231.18181610107422, 'draw']
[98, 231.18181610107422, 98, 231.18181610107422, 'draw']
[98, 231.18181610107422, 98, 231.18181610107422, 'draw']
[98, 231.18181610107422, 98, 231.18181610107422, 'draw']
[112, 241.18181610107422, 98, 231.18181610107422, 'draw']
[98, 231.18181610107422, 98, 231.18181610107422, 'draw']
[136, 254.18181610107422, 112, 241.18181610107422, 'draw']
[181, 267.1818161010742, 136, 254.18181610107422, 'draw']
[211, 261.1818161010742, 181, 267.1818161010742, 'draw']
[240, 245.18181610107422, 211, 261.1818161010742, 'draw']
[288, 176.18181610107422, 240, 245.18181610107422, 'draw']
[302, 132.18181610107422, 288, 176.18181610107422, 'draw']
[304, 87.18181610107422, 308, 88.18181610107422, 'draw']
[308, 88.18181610107422, 302, 132.18181610107422, 'draw']
[295, 91.18181610107422, 304, 87.18181610107422, 'draw']
[269, 103.18181610107422, 295, 91.18181610107422, 'draw']
[242, 118.18181610107422, 269, 103.18181610107422, 'draw']
[182, 162.18181610107422, 242, 118.18181610107422, 'draw']
[155, 195.18181610107422, 182, 162.18181610107422, 'draw']
[143, 218.18181610107422, 155, 195.18181610107422, 'draw']
[138, 244.18181610107422, 143, 218.18181610107422, 'draw']
[141, 260.1818161010742, 138, 244.18181610107422, 'draw']
[152, 272.1818161010742, 141, 260.1818161010742, 'draw']
[170, 278.1818161010742, 152, 272.1818161010742, 'draw']
[237, 267.1818161010742, 205, 277.1818161010742, 'draw']
[205, 277.1818161010742, 170, 278.1818161010742, 'draw']
[288, 241.18181610107422, 237, 267.1818161010742, 'draw']
[329, 205.18181610107422, 288, 241.18181610107422, 'draw']
[348, 178.18181610107422, 329, 205.18181610107422, 'draw']
[353, 166.18181610107422, 348, 178.18181610107422, 'draw']
[353, 168.18181610107422, 353, 166.18181610107422, 'draw']
[349, 188.18181610107422, 353, 168.18181610107422, 'draw']
[336, 238.18181610107422, 349, 188.18181610107422, 'draw']
[324, 272.1818161010742, 336, 238.18181610107422, 'draw']
[299, 417.1818161010742, 306, 355.1818161010742, 'draw']
[299, 449.1818161010742, 299, 417.1818161010742, 'draw']
[299, 449.1818161010742, 299, 449.1818161010742, 'draw']
[300, 449.1818161010742, 299, 449.1818161010742, 'draw']
[300, 449.1818161010742, 300, 449.1818161010742, 'draw']
[293, 382.1818161010742, 300, 449.1818161010742, 'draw']
[294, 336.1818161010742, 293, 382.1818161010742, 'draw']
[296, 292.1818161010742, 294, 336.1818161010742, 'draw']
[300, 210.18181610107422, 296, 292.1818161010742, 'draw']
[297, 163.18181610107422, 300, 210.18181610107422, 'draw']
[289, 128.18181610107422, 297, 163.18181610107422, 'draw']
[285, 115.18181610107422, 289, 128.18181610107422, 'draw']
[276, 136.18181610107422, 283, 115.18181610107422, 'draw']
[258, 176.18181610107422, 276, 136.18181610107422, 'draw']
[283, 115.18181610107422, 285, 115.18181610107422, 'draw']
[232, 227.18181610107422, 258, 176.18181610107422, 'draw']
[213, 258.1818161010742, 232, 227.18181610107422, 'draw']
[186, 301.1818161010742, 194, 288.1818161010742, 'draw']
[194, 288.1818161010742, 213, 258.1818161010742, 'draw']
[185, 302.1818161010742, 186, 301.1818161010742, 'draw']
[192, 294.1818161010742, 185, 302.1818161010742, 'draw']
[185, 302.1818161010742, 185, 302.1818161010742, 'draw']
[219, 257.1818161010742, 192, 294.1818161010742, 'draw']
[283, 174.18181610107422, 219, 257.1818161010742, 'draw']
[321, 138.18181610107422, 283, 174.18181610107422, 'draw']
[370, 109.18181610107422, 321, 138.18181610107422, 'draw']
[201, 244.18181610107422, 202, 244.18181610107422, 'draw']
[201, 244.18181610107422, 201, 244.18181610107422, 'draw']
[240, 175.18181610107422, 224, 194.18181610107422, 'draw']
[224, 194.18181610107422, 201, 244.18181610107422, 'draw']
[268, 163.18181610107422, 254, 166.18181610107422, 'draw']
[254, 166.18181610107422, 240, 175.18181610107422, 'draw']
[280, 163.18181610107422, 268, 163.18181610107422, 'draw']
[298, 164.18181610107422, 280, 163.18181610107422, 'draw']
[312, 167.18181610107422, 298, 164.18181610107422, 'draw']
[328, 173.18181610107422, 312, 167.18181610107422, 'draw']
[346, 195.18181610107422, 338, 183.18181610107422, 'draw']
[338, 183.18181610107422, 328, 173.18181610107422, 'draw']
[352, 207.18181610107422, 346, 195.18181610107422, 'draw']
[354, 228.18181610107422, 353, 213.18181610107422, 'draw']
[354, 242.18181610107422, 354, 228.18181610107422, 'draw']
[353, 213.18181610107422, 352, 207.18181610107422, 'draw']
[352, 262.1818161010742, 354, 242.18181610107422, 'draw']
[339, 291.1818161010742, 352, 262.1818161010742, 'draw']
[328, 306.1818161010742, 339, 291.1818161010742, 'draw']
[306, 322.1818161010742, 328, 306.1818161010742, 'draw']
[291, 327.1818161010742, 306, 322.1818161010742, 'draw']
[279, 331.1818161010742, 291, 327.1818161010742, 'draw']
[277, 332.1818161010742, 279, 331.1818161010742, 'draw']
[276, 332.1818161010742, 277, 332.1818161010742, 'draw']
[288, 314.1818161010742, 276, 332.1818161010742, 'draw']
[326, 271.1818161010742, 288, 314.1818161010742, 'draw']
[276, 332.1818161010742, 276, 332.1818161010742, 'draw']
[276, 332.1818161010742, 276, 332.1818161010742, 'draw']
[353, 260.1818161010742, 326, 271.1818161010742, 'draw']
[397, 259.1818161010742, 353, 260.1818161010742, 'draw']
[415, 263.1818161010742, 397, 259.1818161010742, 'draw']
[445, 279.1818161010742, 439, 274.1818161010742, 'draw']
[453, 291.1818161010742, 445, 279.1818161010742, 'draw']
[456, 322.1818161010742, 453, 291.1818161010742, 'draw']
[439, 274.1818161010742, 415, 263.1818161010742, 'draw']
[450, 346.1818161010742, 456, 322.1818161010742, 'draw']
[440, 368.1818161010742, 450, 346.1818161010742, 'draw']
[437, 372.1818161010742, 440, 368.1818161010742, 'draw']
[437, 372.1818161010742, 437, 372.1818161010742, 'draw']
[437, 372.1818161010742, 437, 372.1818161010742, 'draw']
[437, 372.1818161010742, 437, 372.1818161010742, 'draw']
[437, 372.1818161010742, 437, 372.1818161010742, 'draw']
[437, 372.1818161010742, 437, 372.1818161010742, 'draw']
[512, 297.1818161010742, 472, 325.1818161010742, 'draw']
[531, 290.1818161010742, 512, 297.1818161010742, 'draw']
[472, 325.1818161010742, 437, 372.1818161010742, 'draw']
[575, 281.1818161010742, 559, 284.1818161010742, 'draw']
[559, 284.1818161010742, 531, 290.1818161010742, 'draw']
[589, 276.1818161010742, 575, 281.1818161010742, 'draw']
[595, 270.1818161010742, 592, 274.1818161010742, 'draw']
[592, 274.1818161010742, 589, 276.1818161010742, 'draw']
[600, 263.1818161010742, 595, 270.1818161010742, 'draw']
[600, 250.18181610107422, 600, 263.1818161010742, 'draw']
[595, 217.18181610107422, 600, 250.18181610107422, 'draw']
[589, 201.18181610107422, 595, 217.18181610107422, 'draw']
[553, 170.18181610107422, 573, 182.18181610107422, 'draw']
[573, 182.18181610107422, 589, 201.18181610107422, 'draw']
[534, 167.18181610107422, 553, 170.18181610107422, 'draw']
[502, 166.18181610107422, 534, 167.18181610107422, 'draw']
[477, 167.18181610107422, 502, 166.18181610107422, 'draw']
[407, 210.18181610107422, 418, 196.18181610107422, 'draw']
[435, 182.18181610107422, 477, 167.18181610107422, 'draw']
[418, 196.18181610107422, 435, 182.18181610107422, 'draw']
[392, 238.18181610107422, 407, 210.18181610107422, 'draw']
[389, 250.18181610107422, 392, 238.18181610107422, 'draw']
[398, 267.1818161010742, 391, 260.1818161010742, 'draw']
[391, 260.1818161010742, 389, 250.18181610107422, 'draw']
[445, 269.1818161010742, 409, 271.1818161010742, 'draw']
[409, 271.1818161010742, 398, 267.1818161010742, 'draw']
[475, 264.1818161010742, 445, 269.1818161010742, 'draw']
[520, 268.1818161010742, 475, 264.1818161010742, 'draw']
[538, 285.1818161010742, 533, 274.1818161010742, 'draw']
[533, 274.1818161010742, 520, 268.1818161010742, 'draw']
[534, 312.1818161010742, 538, 285.1818161010742, 'draw']
[525, 327.1818161010742, 534, 312.1818161010742, 'draw']
[490, 359.1818161010742, 525, 327.1818161010742, 'draw']
[461, 375.1818161010742, 490, 359.1818161010742, 'draw']
[358, 390.1818161010742, 408, 389.1818161010742, 'draw']
[408, 389.1818161010742, 461, 375.1818161010742, 'draw']
[295, 381.1818161010742, 358, 390.1818161010742, 'draw']
[217, 363.1818161010742, 295, 381.1818161010742, 'draw']
[184, 354.1818161010742, 217, 363.1818161010742, 'draw']
[144, 327.1818161010742, 184, 354.1818161010742, 'draw']
[128, 287.1818161010742, 135, 313.1818161010742, 'draw']
[135, 313.1818161010742, 144, 327.1818161010742, 'draw']
[127, 248.18181610107422, 128, 287.1818161010742, 'draw']
[135, 215.18181610107422, 127, 248.18181610107422, 'draw']
[153, 175.18181610107422, 135, 215.18181610107422, 'draw']
[177, 144.18181610107422, 153, 175.18181610107422, 'draw']
[198, 126.18181610107422, 177, 144.18181610107422, 'draw']
[218, 119.18181610107422, 198, 126.18181610107422, 'draw']
[232, 142.18181610107422, 229, 123.18181610107422, 'draw']
[229, 123.18181610107422, 218, 119.18181610107422, 'draw']
[224, 166.18181610107422, 232, 142.18181610107422, 'draw']
[186, 231.18181610107422, 224, 166.18181610107422, 'draw']
[164, 252.18181610107422, 186, 231.18181610107422, 'draw']
[139, 263.1818161010742, 164, 252.18181610107422, 'draw']
[122, 268.1818161010742, 139, 263.1818161010742, 'draw']
[119, 268.1818161010742, 122, 268.1818161010742, 'draw']
[118, 268.1818161010742, 119, 268.1818161010742, 'draw']
[118, 268.1818161010742, 118, 268.1818161010742, 'draw']
[118, 268.1818161010742, 118, 268.1818161010742, 'draw']
[177, 229.18181610107422, 138, 244.18181610107422, 'draw']
[124, 260.1818161010742, 118, 268.1818161010742, 'draw']
[138, 244.18181610107422, 124, 260.1818161010742, 'draw']
[194, 233.18181610107422, 177, 229.18181610107422, 'draw']
[204, 243.18181610107422, 194, 233.18181610107422, 'draw']
[206, 274.1818161010742, 204, 243.18181610107422, 'draw']
[195, 301.1818161010742, 206, 274.1818161010742, 'draw']
[150, 383.1818161010742, 165, 359.1818161010742, 'draw']
[140, 399.1818161010742, 150, 383.1818161010742, 'draw']
[165, 359.1818161010742, 195, 301.1818161010742, 'draw']
[139, 400.1818161010742, 140, 399.1818161010742, 'draw']
[139, 400.1818161010742, 139, 400.1818161010742, 'draw']
[141, 400.1818161010742, 139, 400.1818161010742, 'draw']
[148, 401.1818161010742, 141, 400.1818161010742, 'draw']
[190, 404.1818161010742, 148, 401.1818161010742, 'draw']
[234, 409.1818161010742, 190, 404.1818161010742, 'draw']
[298, 410.1818161010742, 266, 409.1818161010742, 'draw']
[266, 409.1818161010742, 234, 409.1818161010742, 'draw']
[320, 410.1818161010742, 298, 410.1818161010742, 'draw']
[368, 394.1818161010742, 344, 406.1818161010742, 'draw']
[344, 406.1818161010742, 320, 410.1818161010742, 'draw']
[411, 359.1818161010742, 392, 375.1818161010742, 'draw']
[392, 375.1818161010742, 368, 394.1818161010742, 'draw']
[419, 354.1818161010742, 411, 359.1818161010742, 'draw']
[420, 353.1818161010742, 419, 354.1818161010742, 'draw']
[420, 353.1818161010742, 420, 353.1818161010742, 'draw']
[420, 353.1818161010742, 420, 353.1818161010742, 'draw']
[346, 401.1818161010742, 381, 372.1818161010742, 'draw']
[381, 372.1818161010742, 420, 353.1818161010742, 'draw']
[321, 434.1818161010742, 346, 401.1818161010742, 'draw']
[315, 442.1818161010742, 321, 434.1818161010742, 'draw']
[314, 444.1818161010742, 315, 442.1818161010742, 'draw']
[314, 444.1818161010742, 314, 444.1818161010742, 'draw']
[335, 415.1818161010742, 314, 443.1818161010742, 'draw']
[314, 443.1818161010742, 314, 444.1818161010742, 'draw']
[364, 386.1818161010742, 335, 415.1818161010742, 'draw']
[394, 375.1818161010742, 364, 386.1818161010742, 'draw']
[412, 374.1818161010742, 394, 375.1818161010742, 'draw']
[417, 373.1818161010742, 412, 374.1818161010742, 'draw']
[421, 389.1818161010742, 417, 373.1818161010742, 'draw']
[420, 412.1818161010742, 421, 389.1818161010742, 'draw']
[391, 474.1818161010742, 400, 462.1818161010742, 'draw']
[400, 462.1818161010742, 420, 412.1818161010742, 'draw']
[381, 482.1818161010742, 391, 474.1818161010742, 'draw']
[376, 482.1818161010742, 376, 482.1818161010742, 'draw']
[376, 482.1818161010742, 381, 482.1818161010742, 'draw']
[376, 482.1818161010742, 376, 482.1818161010742, 'draw']
[378, 481.1818161010742, 376, 482.1818161010742, 'draw']
[392, 472.1818161010742, 378, 481.1818161010742, 'draw']
[444, 431.1818161010742, 392, 472.1818161010742, 'draw']
[457, 412.1818161010742, 454, 420.1818161010742, 'draw']
[454, 420.1818161010742, 444, 431.1818161010742, 'draw']
[457, 407.1818161010742, 457, 412.1818161010742, 'draw']
[440, 380.1818161010742, 457, 407.1818161010742, 'draw']
[429, 363.1818161010742, 440, 380.1818161010742, 'draw']
[419, 346.1818161010742, 429, 363.1818161010742, 'draw']
[418, 341.1818161010742, 419, 346.1818161010742, 'draw']
[418, 340.1818161010742, 418, 340.1818161010742, 'draw']
[418, 340.1818161010742, 418, 341.1818161010742, 'draw']
[418, 340.1818161010742, 418, 340.1818161010742, 'draw']
[418, 340.1818161010742, 418, 340.1818161010742, 'draw']
[418, 340.1818161010742, 418, 340.1818161010742, 'draw']
[418, 338.1818161010742, 418, 340.1818161010742, 'draw']
[418, 338.1818161010742, 418, 338.1818161010742, 'draw']
[89, 263.1818161010742, 89, 263.1818161010742, 'draw']
[89, 263.1818161010742, 89, 263.1818161010742, 'draw']
[77, 307.1818161010742, 89, 263.1818161010742, 'draw']
[70, 338.1818161010742, 77, 307.1818161010742, 'draw']
[64, 371.1818161010742, 70, 338.1818161010742, 'draw']
[59, 405.1818161010742, 61, 388.1818161010742, 'draw']
[59, 431.1818161010742, 59, 405.1818161010742, 'draw']
[61, 388.1818161010742, 64, 371.1818161010742, 'draw']
[61, 442.1818161010742, 59, 431.1818161010742, 'draw']
[63, 449.1818161010742, 62, 448.1818161010742, 'draw']
[62, 448.1818161010742, 61, 442.1818161010742, 'draw']
[67, 447.1818161010742, 63, 449.1818161010742, 'draw']
[77, 442.1818161010742, 67, 447.1818161010742, 'draw']
[112, 431.1818161010742, 77, 442.1818161010742, 'draw']
[130, 430.1818161010742, 112, 431.1818161010742, 'draw']
[143, 433.1818161010742, 141, 432.1818161010742, 'draw']
[141, 432.1818161010742, 130, 430.1818161010742, 'draw']
[143, 436.1818161010742, 143, 433.1818161010742, 'draw']
[136, 453.1818161010742, 143, 436.1818161010742, 'draw']
[117, 501.1818161010742, 136, 453.1818161010742, 'draw']
[110, 517.1818161010742, 112, 515.1818161010742, 'draw']
[112, 515.1818161010742, 117, 501.1818161010742, 'draw']
[110, 519.1818161010742, 110, 518.1818161010742, 'draw']
[110, 519.1818161010742, 110, 519.1818161010742, 'draw']
[110, 518.1818161010742, 110, 517.1818161010742, 'draw']
[110, 518.1818161010742, 110, 519.1818161010742, 'draw']
[120, 512.1818161010742, 110, 518.1818161010742, 'draw']
[170, 489.1818161010742, 149, 498.1818161010742, 'draw']
[149, 498.1818161010742, 120, 512.1818161010742, 'draw']
[186, 487.1818161010742, 170, 489.1818161010742, 'draw']
[202, 493.1818161010742, 186, 487.1818161010742, 'draw']
[221, 505.1818161010742, 216, 502.1818161010742, 'draw']
[216, 502.1818161010742, 202, 493.1818161010742, 'draw']
[222, 506.1818161010742, 221, 505.1818161010742, 'draw']
[222, 507.1818161010742, 222, 506.1818161010742, 'draw']
[222, 506.1818161010742, 222, 506.1818161010742, 'draw']
[222, 506.1818161010742, 222, 506.1818161010742, 'draw']
[222, 507.1818161010742, 222, 507.1818161010742, 'draw']
[222, 507.1818161010742, 222, 507.1818161010742, 'draw']
[222, 508.1818161010742, 222, 507.1818161010742, 'draw']
[223, 508.1818161010742, 222, 508.1818161010742, 'draw']
[232, 505.1818161010742, 223, 508.1818161010742, 'draw']
[248, 502.1818161010742, 232, 505.1818161010742, 'draw']
[279, 501.1818161010742, 268, 501.1818161010742, 'draw']
[268, 501.1818161010742, 248, 502.1818161010742, 'draw']
[284, 506.1818161010742, 282, 503.1818161010742, 'draw']
[282, 503.1818161010742, 279, 501.1818161010742, 'draw']
[284, 509.1818161010742, 284, 506.1818161010742, 'draw']
[284, 511.1818161010742, 284, 509.1818161010742, 'draw']
[284, 513.1818161010742, 284, 511.1818161010742, 'draw']
[283, 513.1818161010742, 284, 513.1818161010742, 'draw']
[283, 514.1818161010742, 283, 513.1818161010742, 'draw']
[288, 514.1818161010742, 283, 514.1818161010742, 'draw']
[307, 507.1818161010742, 288, 514.1818161010742, 'draw']
[325, 499.1818161010742, 307, 507.1818161010742, 'draw']
[338, 492.1818161010742, 325, 499.1818161010742, 'draw']
[349, 488.1818161010742, 338, 492.1818161010742, 'draw']
[355, 487.1818161010742, 349, 488.1818161010742, 'draw']
[360, 488.1818161010742, 355, 487.1818161010742, 'draw']
[363, 488.1818161010742, 360, 488.1818161010742, 'draw']
[365, 489.1818161010742, 363, 488.1818161010742, 'draw']
[365, 490.1818161010742, 365, 489.1818161010742, 'draw']
[365, 490.1818161010742, 365, 490.1818161010742, 'draw']
[366, 490.1818161010742, 365, 490.1818161010742, 'draw']
[367, 490.1818161010742, 366, 490.1818161010742, 'draw']
[369, 490.1818161010742, 367, 490.1818161010742, 'draw']
[370, 490.1818161010742, 369, 490.1818161010742, 'draw']
[242, 218.18181610107422, 242, 217.18181610107422, 'draw']
[242, 218.18181610107422, 242, 218.18181610107422, 'draw']
[242, 218.18181610107422, 242, 218.18181610107422, 'draw']
[242, 218.18181610107422, 242, 218.18181610107422, 'draw']
[242, 218.18181610107422, 242, 218.18181610107422, 'draw']
[242, 218.18181610107422, 242, 218.18181610107422, 'draw']
[242, 218.18181610107422, 242, 218.18181610107422, 'draw']
[242, 218.18181610107422, 242, 218.18181610107422, 'draw']
