[362, 118, 362, 118, 'draw']
[362, 118, 362, 118, 'draw']
[362, 118, 362, 118, 'draw']
[362, 118, 362, 118, 'draw']
[430, 144, 362, 118, 'draw']
[495, 169, 430, 144, 'draw']
[674, 240, 495, 169, 'draw']
[678, 237, 674, 240, 'draw']
[681, 231, 678, 237, 'draw']
[683, 222, 681, 231, 'draw']
[683, 217, 683, 222, 'draw']
[683, 215, 683, 217, 'draw']
[683, 214, 683, 215, 'draw']
[681, 214, 683, 214, 'draw']
[670, 234, 681, 214, 'draw']
[632, 312, 655, 266, 'draw']
[655, 266, 670, 234, 'draw']
[613, 335, 632, 312, 'draw']
[587, 349, 613, 335, 'draw']
[556, 357, 587, 349, 'draw']
[542, 357, 556, 357, 'draw']
[530, 351, 542, 357, 'draw']
[520, 334, 530, 351, 'draw']
[519, 318, 520, 334, 'draw']
[534, 257, 519, 318, 'draw']
[556, 211, 534, 257, 'draw']
[599, 152, 556, 211, 'draw']
[625, 127, 599, 152, 'draw']
[650, 110, 625, 127, 'draw']
[685, 103, 650, 110, 'draw']
[708, 107, 685, 103, 'draw']
[739, 121, 708, 107, 'draw']
[754, 130, 739, 121, 'draw']
[762, 135, 754, 130, 'draw']
[766, 138, 762, 135, 'draw']
[768, 139, 767, 139, 'draw']
[767, 139, 766, 138, 'draw']
[497, 244, 497, 244, 'draw']
[497, 244, 497, 244, 'draw']
[882, 299, 497, 244, 'draw']
[900, 301, 882, 299, 'draw']
[900, 301, 900, 301, 'draw']
[907, 301, 900, 301, 'draw']
[907, 301, 907, 301, 'draw']
[547, 375, 547, 375, 'draw']
[547, 375, 547, 375, 'draw']
[547, 375, 547, 375, 'draw']
[547, 375, 547, 375, 'draw']
[547, 375, 547, 375, 'draw']
[547, 375, 547, 375, 'draw']
[547, 375, 547, 375, 'draw']
[547, 375, 547, 375, 'draw']
[547, 375, 547, 375, 'draw']
[547, 375, 547, 375, 'draw']
[547, 375, 547, 375, 'draw']
[566, 359, 547, 375, 'draw']
[666, 286, 566, 359, 'draw']
[746, 232, 666, 286, 'draw']
[769, 217, 746, 232, 'draw']
[782, 209, 769, 217, 'draw']
[792, 203, 782, 209, 'draw']
[794, 202, 792, 203, 'draw']
[796, 201, 794, 202, 'draw']
[797, 201, 796, 201, 'draw']
[798, 201, 797, 201, 'draw']
[799, 199, 798, 201, 'draw']
[801, 199, 799, 199, 'draw']
[805, 198, 803, 198, 'draw']
[803, 198, 801, 199, 'draw']
[803, 198, 803, 198, 'draw']
[805, 197, 805, 198, 'draw']
[429, 127, 429, 127, 'draw']
[429, 127, 429, 127, 'draw']
[429, 127, 429, 127, 'draw']
[429, 127, 429, 127, 'draw']
[429, 127, 429, 127, 'draw']
[429, 127, 429, 127, 'draw']
[440, 230, 430, 135, 'draw']
[430, 135, 429, 127, 'draw']
[444, 323, 440, 230, 'draw']
[451, 415, 444, 323, 'draw']
[455, 463, 451, 415, 'draw']
[460, 522, 455, 463, 'draw']
[466, 551, 460, 522, 'draw']
[476, 589, 466, 551, 'draw']
[491, 626, 476, 589, 'draw']
[503, 626, 491, 626, 'draw']
[503, 626, 503, 626, 'draw']
[503, 626, 503, 626, 'draw']
[585, 123, 585, 123, 'draw']
[585, 123, 585, 123, 'draw']
[585, 123, 585, 123, 'draw']
[585, 123, 585, 123, 'draw']
[585, 123, 585, 123, 'draw']
[585, 123, 585, 123, 'draw']
[587, 150, 585, 123, 'draw']
[600, 218, 587, 150, 'draw']
[607, 262, 600, 218, 'draw']
[617, 317, 607, 262, 'draw']
[626, 378, 622, 352, 'draw']
[622, 352, 617, 317, 'draw']
[632, 416, 626, 378, 'draw']
[636, 437, 632, 416, 'draw']
[641, 472, 641, 464, 'draw']
[641, 464, 636, 437, 'draw']
[642, 475, 641, 472, 'draw']
[642, 476, 642, 475, 'draw']
[642, 476, 642, 476, 'draw']
[642, 477, 642, 476, 'draw']
[642, 477, 642, 477, 'draw']
[642, 477, 642, 477, 'draw']
[642, 478, 642, 477, 'draw']
[708, 91, 708, 91, 'draw']
[708, 91, 708, 91, 'draw']
[708, 91, 708, 91, 'draw']
[708, 91, 708, 91, 'draw']
[708, 91, 708, 91, 'draw']
[708, 91, 708, 91, 'draw']
[763, 233, 737, 154, 'draw']
[737, 154, 708, 91, 'draw']
[783, 296, 763, 233, 'draw']
[798, 353, 783, 296, 'draw']
[811, 411, 798, 353, 'draw']
[818, 432, 811, 411, 'draw']
[825, 460, 818, 432, 'draw']
[830, 475, 825, 460, 'draw']
[835, 487, 830, 475, 'draw']
[836, 491, 835, 487, 'draw']
[839, 495, 837, 493, 'draw']
[837, 493, 836, 491, 'draw']
[839, 496, 839, 495, 'draw']
[839, 498, 839, 497, 'draw']
[839, 497, 839, 497, 'draw']
[839, 497, 839, 496, 'draw']
[839, 498, 839, 498, 'draw']
[839, 498, 839, 498, 'draw']
[839, 499, 839, 498, 'draw']
[839, 499, 839, 499, 'draw']
[349, 293, 349, 293, 'draw']
[349, 293, 349, 293, 'draw']
[349, 293, 349, 293, 'draw']
[349, 293, 349, 293, 'draw']
[375, 280, 349, 293, 'draw']
[519, 217, 375, 280, 'draw']
[580, 193, 519, 217, 'draw']
[699, 150, 580, 193, 'draw']
[699, 150, 699, 150, 'draw']
[845, 106, 699, 150, 'draw']
[876, 99, 845, 106, 'draw']
[903, 96, 876, 99, 'draw']
[913, 95, 903, 96, 'draw']
[918, 95, 913, 95, 'draw']
[923, 95, 918, 95, 'draw']
[925, 94, 923, 95, 'draw']
[928, 93, 925, 94, 'draw']
[930, 93, 928, 93, 'draw']
[931, 93, 930, 93, 'draw']
[933, 93, 931, 93, 'draw']
[434, 394, 434, 394, 'draw']
[434, 394, 434, 394, 'draw']
[434, 394, 434, 394, 'draw']
[434, 394, 434, 394, 'draw']
[434, 394, 434, 394, 'draw']
[434, 394, 434, 394, 'draw']
[434, 394, 434, 394, 'draw']
[434, 394, 434, 394, 'draw']
[482, 382, 434, 394, 'draw']
[593, 343, 540, 360, 'draw']
[540, 360, 482, 382, 'draw']
[643, 326, 593, 343, 'draw']
[684, 314, 643, 326, 'draw']
[744, 298, 684, 314, 'draw']
[768, 292, 744, 298, 'draw']
[827, 279, 801, 284, 'draw']
[801, 284, 768, 292, 'draw']
[831, 279, 827, 279, 'draw']
[835, 278, 831, 279, 'draw']
[837, 277, 835, 278, 'draw']
[837, 277, 837, 277, 'draw']
[837, 277, 837, 277, 'draw']
[837, 277, 837, 277, 'draw']
[367, 206, 367, 206, 'draw']
[367, 206, 367, 206, 'draw']
[367, 206, 367, 206, 'draw']
[367, 206, 367, 206, 'draw']
[367, 206, 367, 206, 'draw']
[367, 206, 367, 206, 'draw']
[367, 206, 367, 206, 'draw']
[367, 206, 367, 206, 'draw']
[367, 206, 367, 206, 'draw']
[368, 206, 367, 206, 'draw']
[367, 206, 367, 206, 'draw']
[369, 207, 369, 206, 'draw']
[369, 206, 368, 206, 'draw']
[370, 207, 369, 207, 'draw']
[370, 207, 370, 207, 'draw']
[370, 207, 370, 207, 'draw']
[370, 206, 370, 207, 'draw']
[370, 206, 370, 206, 'draw']
[370, 206, 370, 206, 'draw']
[363, 186, 363, 186, 'draw']
[363, 186, 363, 186, 'draw']
[363, 186, 363, 186, 'draw']
[363, 186, 363, 186, 'draw']
[363, 186, 363, 186, 'draw']
[363, 186, 363, 186, 'draw']
[363, 186, 363, 186, 'draw']
[363, 186, 363, 186, 'draw']
[363, 186, 363, 186, 'draw']
[369, 190, 363, 186, 'draw']
[387, 202, 369, 190, 'draw']
[399, 207, 395, 205, 'draw']
[395, 205, 387, 202, 'draw']
[401, 208, 399, 207, 'draw']
[401, 208, 401, 208, 'draw']
[402, 208, 401, 208, 'draw']
[402, 208, 402, 208, 'draw']
[402, 208, 402, 208, 'draw']
[402, 208, 402, 208, 'draw']
[402, 208, 402, 208, 'draw']
[402, 208, 402, 208, 'draw']
[402, 170, 402, 170, 'draw']
[402, 170, 402, 170, 'draw']
[402, 170, 402, 170, 'draw']
[402, 170, 402, 170, 'draw']
[402, 170, 402, 170, 'draw']
[402, 170, 402, 170, 'draw']
[372, 197, 402, 170, 'draw']
[345, 231, 372, 197, 'draw']
[338, 241, 345, 231, 'draw']
[334, 248, 338, 241, 'draw']
[333, 250, 334, 248, 'draw']
[333, 251, 333, 250, 'draw']
[332, 252, 332, 251, 'draw']
[332, 251, 333, 251, 'draw']
[332, 252, 332, 252, 'draw']
[332, 252, 332, 252, 'draw']
[332, 252, 332, 252, 'draw']
[332, 252, 332, 252, 'draw']
[332, 252, 332, 252, 'draw']
[332, 252, 332, 252, 'draw']
